     0.538992E+11    0.422089E+00
     0.538589E+11    0.422116E+00
     0.538226E+11    0.422144E+00
     0.537838E+11    0.422174E+00
     0.537250E+11    0.422205E+00
     0.536643E+11    0.422237E+00
     0.535971E+11    0.422271E+00
     0.535085E+11    0.422306E+00
     0.533999E+11    0.422343E+00
     0.532810E+11    0.422382E+00
     0.531486E+11    0.422423E+00
     0.529935E+11    0.422466E+00
     0.528326E+11    0.422511E+00
     0.526745E+11    0.422558E+00
     0.525098E+11    0.422606E+00
     0.523473E+11    0.422656E+00
     0.521908E+11    0.422707E+00
     0.520319E+11    0.422760E+00
     0.518769E+11    0.422815E+00
     0.517358E+11    0.422872E+00
     0.516013E+11    0.422930E+00
     0.514570E+11    0.422990E+00
     0.513019E+11    0.423052E+00
     0.511512E+11    0.423116E+00
     0.510023E+11    0.423181E+00
     0.508555E+11    0.423248E+00
     0.507116E+11    0.423315E+00
     0.505685E+11    0.423381E+00
     0.504393E+11    0.423447E+00
     0.503094E+11    0.423513E+00
     0.501667E+11    0.423579E+00
     0.500589E+11    0.423650E+00
     0.499211E+11    0.423721E+00
     0.497513E+11    0.423793E+00
     0.495874E+11    0.423866E+00
     0.494202E+11    0.423940E+00
     0.492499E+11    0.424013E+00
     0.490603E+11    0.424086E+00
     0.488671E+11    0.424160E+00
     0.486691E+11    0.424233E+00
     0.484652E+11    0.424309E+00
     0.482584E+11    0.424385E+00
     0.480319E+11    0.424464E+00
     0.478006E+11    0.424545E+00
     0.475566E+11    0.424628E+00
     0.473110E+11    0.424712E+00
     0.470640E+11    0.424799E+00
     0.468238E+11    0.424887E+00
     0.465871E+11    0.424976E+00
     0.463594E+11    0.425066E+00
     0.461343E+11    0.425157E+00
     0.459173E+11    0.425250E+00
     0.457017E+11    0.425343E+00
     0.454950E+11    0.425440E+00
     0.452896E+11    0.425537E+00
     0.450916E+11    0.425635E+00
     0.448951E+11    0.425734E+00
     0.447020E+11    0.425830E+00
     0.445102E+11    0.425926E+00
     0.443257E+11    0.426017E+00
     0.441466E+11    0.426105E+00
     0.439701E+11    0.426192E+00
     0.437979E+11    0.426277E+00
     0.436245E+11    0.426362E+00
     0.434412E+11    0.426453E+00
     0.432579E+11    0.426544E+00
     0.430644E+11    0.426642E+00
     0.428680E+11    0.426743E+00
     0.426682E+11    0.426847E+00
     0.424630E+11    0.426958E+00
     0.422578E+11    0.427069E+00
     0.420439E+11    0.427187E+00
     0.418293E+11    0.427306E+00
     0.415917E+11    0.427428E+00
     0.413204E+11    0.427553E+00
     0.410491E+11    0.427679E+00
     0.407790E+11    0.427806E+00
     0.405091E+11    0.427933E+00
     0.402420E+11    0.428060E+00
     0.399910E+11    0.428189E+00
     0.397401E+11    0.428318E+00
     0.394963E+11    0.428446E+00
     0.392627E+11    0.428573E+00
     0.390291E+11    0.428701E+00
     0.388027E+11    0.428825E+00
     0.385810E+11    0.428948E+00
     0.383594E+11    0.429070E+00
     0.381430E+11    0.429190E+00
     0.379287E+11    0.429308E+00
     0.377145E+11    0.429427E+00
     0.375022E+11    0.429543E+00
     0.372905E+11    0.429658E+00
     0.370788E+11    0.429774E+00
     0.368718E+11    0.429885E+00
     0.366668E+11    0.429995E+00
     0.364617E+11    0.430104E+00
     0.362584E+11    0.430215E+00
     0.360565E+11    0.430325E+00
     0.358545E+11    0.430436E+00
     0.356509E+11    0.430554E+00
     0.354445E+11    0.430683E+00
     0.352382E+11    0.430813E+00
     0.350290E+11    0.430944E+00
     0.347859E+11    0.431091E+00
     0.345428E+11    0.431239E+00
     0.342996E+11    0.431386E+00
     0.340528E+11    0.431529E+00
     0.338043E+11    0.431671E+00
     0.335558E+11    0.431813E+00
     0.333127E+11    0.431953E+00
     0.330904E+11    0.432088E+00
     0.328682E+11    0.432224E+00
     0.326459E+11    0.432359E+00
     0.324297E+11    0.432492E+00
     0.322170E+11    0.432624E+00
     0.320042E+11    0.432756E+00
     0.317915E+11    0.432887E+00
     0.315810E+11    0.433015E+00
     0.313706E+11    0.433143E+00
     0.311601E+11    0.433271E+00
     0.309500E+11    0.433397E+00
     0.307408E+11    0.433515E+00
     0.305316E+11    0.433633E+00
     0.303224E+11    0.433752E+00
     0.301148E+11    0.433868E+00
     0.299102E+11    0.433982E+00
     0.297057E+11    0.434095E+00
     0.295012E+11    0.434209E+00
     0.292881E+11    0.434329E+00
     0.290584E+11    0.434462E+00
     0.288286E+11    0.434596E+00
     0.285989E+11    0.434729E+00
     0.283712E+11    0.434861E+00
     0.281493E+11    0.434986E+00
     0.279275E+11    0.435112E+00
     0.277056E+11    0.435238E+00
     0.274848E+11    0.435363E+00
     0.272826E+11    0.435479E+00
     0.270803E+11    0.435596E+00
     0.268780E+11    0.435711E+00
     0.266757E+11    0.435827E+00
     0.264824E+11    0.435938E+00
     0.262922E+11    0.436046E+00
     0.261019E+11    0.436154E+00
     0.259116E+11    0.436262E+00
     0.257225E+11    0.436367E+00
     0.255359E+11    0.436466E+00
     0.253493E+11    0.436566E+00
     0.251627E+11    0.436666E+00
     0.249761E+11    0.436765E+00
     0.247888E+11    0.436865E+00
     0.246012E+11    0.436964E+00
     0.244137E+11    0.437064E+00
     0.242262E+11    0.437163E+00
     0.240367E+11    0.437265E+00
     0.238298E+11    0.437381E+00
     0.236229E+11    0.437496E+00
     0.234159E+11    0.437612E+00
     0.232090E+11    0.437728E+00
     0.230084E+11    0.437845E+00
     0.228225E+11    0.437963E+00
     0.226365E+11    0.438082E+00
     0.224506E+11    0.438200E+00
     0.222646E+11    0.438318E+00
     0.220826E+11    0.438441E+00
     0.219072E+11    0.438569E+00
     0.217317E+11    0.438697E+00
     0.215563E+11    0.438825E+00
     0.213809E+11    0.438953E+00
     0.212109E+11    0.439080E+00
     0.210529E+11    0.439206E+00
     0.208948E+11    0.439333E+00
     0.207368E+11    0.439459E+00
     0.205788E+11    0.439585E+00
     0.204184E+11    0.439714E+00
     0.202398E+11    0.439867E+00
     0.200612E+11    0.440020E+00
     0.198826E+11    0.440173E+00
     0.197040E+11    0.440325E+00
     0.195255E+11    0.440478E+00
     0.193538E+11    0.440633E+00
     0.191840E+11    0.440789E+00
     0.190143E+11    0.440944E+00
     0.188446E+11    0.441099E+00
     0.186749E+11    0.441255E+00
     0.185101E+11    0.441409E+00
     0.183571E+11    0.441559E+00
     0.182041E+11    0.441710E+00
     0.180511E+11    0.441860E+00
     0.178981E+11    0.442011E+00
     0.177451E+11    0.442161E+00
     0.175988E+11    0.442319E+00
     0.174559E+11    0.442482E+00
     0.173131E+11    0.442645E+00
     0.171703E+11    0.442807E+00
     0.170274E+11    0.442970E+00
     0.168846E+11    0.443132E+00
     0.167242E+11    0.443333E+00
     0.165613E+11    0.443538E+00
     0.163984E+11    0.443744E+00
     0.162355E+11    0.443949E+00
     0.160726E+11    0.444155E+00
     0.159096E+11    0.444361E+00
     0.157655E+11    0.444580E+00
     0.156227E+11    0.444801E+00
     0.154799E+11    0.445021E+00
     0.153372E+11    0.445242E+00
     0.151944E+11    0.445462E+00
     0.150517E+11    0.445683E+00
     0.149202E+11    0.445953E+00
     0.147912E+11    0.446234E+00
     0.146621E+11    0.446515E+00
     0.145331E+11    0.446796E+00
     0.144040E+11    0.447077E+00
     0.142750E+11    0.447358E+00
     0.141392E+11    0.447771E+00
     0.139980E+11    0.448288E+00
     0.138568E+11    0.448806E+00
     0.137156E+11    0.449324E+00
     0.135744E+11    0.449842E+00
     0.134332E+11    0.450360E+00
     0.132949E+11    0.450883E+00
     0.131782E+11    0.451443E+00
     0.130616E+11    0.452004E+00
     0.129449E+11    0.452565E+00
     0.128282E+11    0.453126E+00
     0.127115E+11    0.453687E+00
     0.125948E+11    0.454248E+00
     0.124902E+11    0.454738E+00
     0.123975E+11    0.455159E+00
     0.123048E+11    0.455580E+00
     0.122120E+11    0.456001E+00
     0.121193E+11    0.456423E+00
     0.120266E+11    0.456844E+00
     0.119339E+11    0.457265E+00
     0.118366E+11    0.457662E+00
     0.117374E+11    0.458049E+00
     0.116382E+11    0.458435E+00
     0.115390E+11    0.458823E+00
     0.114398E+11    0.459209E+00
     0.113406E+11    0.459596E+00
     0.112414E+11    0.459983E+00
     0.111484E+11    0.460376E+00
     0.110576E+11    0.460771E+00
     0.109669E+11    0.461166E+00
     0.108762E+11    0.461561E+00
     0.107855E+11    0.461956E+00
     0.106948E+11    0.462351E+00
     0.106040E+11    0.462747E+00
     0.105170E+11    0.463218E+00
     0.104330E+11    0.463748E+00
     0.103489E+11    0.464278E+00
     0.102648E+11    0.464809E+00
     0.101807E+11    0.465339E+00
     0.100966E+11    0.465869E+00
     0.100125E+11    0.466400E+00
     0.992792E+10    0.466907E+00
     0.984123E+10    0.467322E+00
     0.975454E+10    0.467738E+00
     0.966785E+10    0.468153E+00
     0.958116E+10    0.468568E+00
     0.949447E+10    0.468984E+00
     0.940778E+10    0.469399E+00
     0.932109E+10    0.469815E+00
     0.924432E+10    0.470160E+00
     0.917310E+10    0.470466E+00
     0.910188E+10    0.470772E+00
     0.903066E+10    0.471078E+00
     0.895944E+10    0.471384E+00
     0.888822E+10    0.471690E+00
     0.881700E+10    0.471996E+00
     0.874578E+10    0.472302E+00
     0.867829E+10    0.472539E+00
     0.861132E+10    0.472766E+00
     0.854436E+10    0.472992E+00
     0.847740E+10    0.473219E+00
     0.841044E+10    0.473446E+00
     0.834348E+10    0.473673E+00
     0.827652E+10    0.473899E+00
     0.820956E+10    0.474126E+00
     0.814112E+10    0.474330E+00
     0.807250E+10    0.474532E+00
     0.800388E+10    0.474734E+00
     0.793526E+10    0.474936E+00
     0.786664E+10    0.475137E+00
     0.779802E+10    0.475339E+00
     0.772940E+10    0.475541E+00
     0.766078E+10    0.475742E+00
     0.759890E+10    0.475909E+00
     0.753987E+10    0.476060E+00
     0.748084E+10    0.476211E+00
     0.742180E+10    0.476363E+00
     0.736277E+10    0.476514E+00
     0.730373E+10    0.476666E+00
     0.724470E+10    0.476817E+00
     0.718567E+10    0.476968E+00
     0.712793E+10    0.477114E+00
     0.707337E+10    0.477243E+00
     0.701881E+10    0.477373E+00
     0.696425E+10    0.477503E+00
     0.690969E+10    0.477633E+00
     0.685513E+10    0.477763E+00
     0.680057E+10    0.477893E+00
     0.674602E+10    0.478023E+00
     0.669146E+10    0.478153E+00
     0.663480E+10    0.478272E+00
     0.657699E+10    0.478387E+00
     0.651918E+10    0.478501E+00
     0.646138E+10    0.478616E+00
     0.640357E+10    0.478730E+00
     0.634576E+10    0.478845E+00
     0.628796E+10    0.478959E+00
     0.623015E+10    0.479073E+00
     0.617234E+10    0.479188E+00
     0.612383E+10    0.479284E+00
     0.607814E+10    0.479375E+00
     0.603244E+10    0.479465E+00
     0.598674E+10    0.479556E+00
     0.594105E+10    0.479647E+00
     0.589535E+10    0.479737E+00
     0.584966E+10    0.479828E+00
     0.580396E+10    0.479919E+00
     0.575826E+10    0.480009E+00
     0.571035E+10    0.480103E+00
     0.566124E+10    0.480197E+00
     0.561213E+10    0.480292E+00
     0.556302E+10    0.480386E+00
     0.551391E+10    0.480481E+00
     0.546480E+10    0.480575E+00
     0.541569E+10    0.480670E+00
     0.536658E+10    0.480765E+00
     0.531747E+10    0.480859E+00
     0.527081E+10    0.480959E+00
     0.523034E+10    0.481071E+00
     0.518987E+10    0.481182E+00
     0.514940E+10    0.481294E+00
     0.510892E+10    0.481406E+00
     0.506845E+10    0.481517E+00
     0.502798E+10    0.481629E+00
     0.498751E+10    0.481741E+00
     0.494704E+10    0.481853E+00
     0.490657E+10    0.481965E+00
     0.486548E+10    0.482074E+00
     0.482408E+10    0.482183E+00
     0.478268E+10    0.482292E+00
     0.474128E+10    0.482400E+00
     0.469988E+10    0.482509E+00
     0.465848E+10    0.482617E+00
     0.461708E+10    0.482726E+00
     0.457569E+10    0.482835E+00
     0.453429E+10    0.482944E+00
     0.449289E+10    0.483052E+00
     0.445754E+10    0.483148E+00
     0.442388E+10    0.483240E+00
     0.439021E+10    0.483332E+00
     0.435654E+10    0.483424E+00
     0.432288E+10    0.483516E+00
     0.428921E+10    0.483608E+00
     0.425554E+10    0.483700E+00
     0.422188E+10    0.483792E+00
     0.418821E+10    0.483884E+00
     0.415454E+10    0.483976E+00
     0.412164E+10    0.484065E+00
     0.408919E+10    0.484151E+00
     0.405673E+10    0.484238E+00
     0.402427E+10    0.484324E+00
     0.399182E+10    0.484411E+00
     0.395936E+10    0.484497E+00
     0.392690E+10    0.484584E+00
     0.389445E+10    0.484670E+00
     0.386199E+10    0.484756E+00
     0.382954E+10    0.484843E+00
     0.379783E+10    0.484927E+00
     0.376897E+10    0.485004E+00
     0.374011E+10    0.485080E+00
     0.371125E+10    0.485157E+00
     0.368239E+10    0.485233E+00
     0.365353E+10    0.485310E+00
     0.362467E+10    0.485386E+00
     0.359581E+10    0.485463E+00
     0.356695E+10    0.485539E+00
     0.353809E+10    0.485616E+00
     0.350923E+10    0.485692E+00
     0.348187E+10    0.485764E+00
     0.345599E+10    0.485833E+00
     0.343011E+10    0.485901E+00
     0.340423E+10    0.485970E+00
     0.337835E+10    0.486038E+00
     0.335247E+10    0.486107E+00
     0.332659E+10    0.486175E+00
     0.330071E+10    0.486244E+00
     0.327484E+10    0.486312E+00
     0.324896E+10    0.486381E+00
     0.322308E+10    0.486449E+00
     0.319859E+10    0.486515E+00
     0.317545E+10    0.486578E+00
     0.315232E+10    0.486641E+00
     0.312919E+10    0.486704E+00
     0.310605E+10    0.486768E+00
     0.308292E+10    0.486831E+00
     0.305979E+10    0.486894E+00
     0.303665E+10    0.486957E+00
     0.301352E+10    0.487021E+00
     0.299039E+10    0.487084E+00
     0.296725E+10    0.487147E+00
     0.294487E+10    0.487208E+00
     0.292533E+10    0.487262E+00
     0.290578E+10    0.487317E+00
     0.288624E+10    0.487371E+00
     0.286670E+10    0.487425E+00
     0.284716E+10    0.487480E+00
     0.282762E+10    0.487534E+00
     0.280807E+10    0.487588E+00
     0.278853E+10    0.487643E+00
     0.276899E+10    0.487697E+00
     0.274944E+10    0.487751E+00
     0.272990E+10    0.487806E+00
     0.271077E+10    0.487853E+00
     0.269188E+10    0.487895E+00
     0.267300E+10    0.487938E+00
     0.265412E+10    0.487980E+00
     0.263524E+10    0.488022E+00
     0.261636E+10    0.488065E+00
     0.259748E+10    0.488107E+00
     0.257860E+10    0.488149E+00
     0.255972E+10    0.488192E+00
     0.254084E+10    0.488234E+00
     0.252196E+10    0.488277E+00
     0.250308E+10    0.488319E+00
     0.248654E+10    0.488348E+00
     0.247106E+10    0.488370E+00
     0.245558E+10    0.488393E+00
     0.244010E+10    0.488415E+00
     0.242462E+10    0.488438E+00
     0.240914E+10    0.488460E+00
     0.239366E+10    0.488483E+00
     0.237817E+10    0.488505E+00
     0.236269E+10    0.488528E+00
     0.234721E+10    0.488550E+00
     0.233173E+10    0.488573E+00
     0.231625E+10    0.488596E+00
     0.230047E+10    0.488618E+00
     0.228431E+10    0.488640E+00
     0.226814E+10    0.488663E+00
     0.225198E+10    0.488685E+00
     0.223582E+10    0.488708E+00
     0.221966E+10    0.488731E+00
     0.220350E+10    0.488753E+00
     0.218734E+10    0.488775E+00
     0.217117E+10    0.488798E+00
     0.215501E+10    0.488820E+00
     0.213885E+10    0.488843E+00
     0.212269E+10    0.488865E+00
     0.210653E+10    0.488888E+00
     0.209343E+10    0.488907E+00
     0.208075E+10    0.488926E+00
     0.206808E+10    0.488945E+00
     0.205540E+10    0.488963E+00
     0.204272E+10    0.488982E+00
     0.203005E+10    0.489001E+00
     0.201737E+10    0.489020E+00
     0.200470E+10    0.489039E+00
     0.199202E+10    0.489057E+00
     0.197934E+10    0.489076E+00
     0.196667E+10    0.489095E+00
     0.195399E+10    0.489114E+00
     0.194132E+10    0.489133E+00
     0.192808E+10    0.489156E+00
     0.191481E+10    0.489179E+00
     0.190155E+10    0.489202E+00
     0.188828E+10    0.489225E+00
     0.187502E+10    0.489248E+00
     0.186175E+10    0.489270E+00
     0.184849E+10    0.489293E+00
     0.183522E+10    0.489316E+00
     0.182196E+10    0.489339E+00
     0.180869E+10    0.489362E+00
     0.179542E+10    0.489385E+00
     0.178216E+10    0.489408E+00
     0.176890E+10    0.489431E+00
     0.175738E+10    0.489524E+00
     0.174662E+10    0.489647E+00
     0.173585E+10    0.489770E+00
     0.172508E+10    0.489893E+00
     0.171431E+10    0.490016E+00
     0.170354E+10    0.490139E+00
     0.169277E+10    0.490262E+00
     0.168200E+10    0.490385E+00
     0.167124E+10    0.490508E+00
     0.166047E+10    0.490631E+00
     0.164970E+10    0.490754E+00
     0.163893E+10    0.490877E+00
     0.162816E+10    0.491000E+00
     0.161735E+10    0.491123E+00
     0.160603E+10    0.491243E+00
     0.159471E+10    0.491363E+00
     0.158338E+10    0.491483E+00
     0.157206E+10    0.491604E+00
     0.156074E+10    0.491724E+00
     0.154942E+10    0.491844E+00
     0.153810E+10    0.491964E+00
     0.152677E+10    0.492085E+00
     0.151545E+10    0.492205E+00
     0.150413E+10    0.492325E+00
     0.149280E+10    0.492445E+00
     0.148148E+10    0.492566E+00
     0.147016E+10    0.492686E+00
     0.145903E+10    0.492801E+00
     0.144990E+10    0.492866E+00
     0.144078E+10    0.492930E+00
     0.143165E+10    0.492994E+00
     0.142252E+10    0.493058E+00
     0.141339E+10    0.493122E+00
     0.140426E+10    0.493186E+00
     0.139513E+10    0.493251E+00
     0.138601E+10    0.493315E+00
     0.137688E+10    0.493379E+00
     0.136775E+10    0.493443E+00
     0.135862E+10    0.493507E+00
     0.134949E+10    0.493572E+00
     0.134036E+10    0.493636E+00
     0.133124E+10    0.493700E+00
     0.132236E+10    0.493793E+00
     0.131358E+10    0.493897E+00
     0.130480E+10    0.494001E+00
     0.129602E+10    0.494106E+00
     0.128724E+10    0.494210E+00
     0.127846E+10    0.494314E+00
     0.126968E+10    0.494418E+00
     0.126090E+10    0.494523E+00
     0.125212E+10    0.494627E+00
     0.124334E+10    0.494731E+00
     0.123456E+10    0.494835E+00
     0.122578E+10    0.494940E+00
     0.121700E+10    0.495044E+00
     0.120821E+10    0.495148E+00
     0.119943E+10    0.495252E+00
     0.119168E+10    0.495328E+00
     0.118398E+10    0.495403E+00
     0.117628E+10    0.495477E+00
     0.116858E+10    0.495551E+00
     0.116087E+10    0.495626E+00
     0.115317E+10    0.495700E+00
     0.114547E+10    0.495775E+00
     0.113776E+10    0.495849E+00
     0.113006E+10    0.495924E+00
     0.112236E+10    0.495998E+00
     0.111466E+10    0.496073E+00
     0.110695E+10    0.496147E+00
     0.109925E+10    0.496221E+00
     0.109155E+10    0.496296E+00
     0.108385E+10    0.496370E+00
     0.107689E+10    0.496426E+00
     0.107012E+10    0.496478E+00
     0.106336E+10    0.496529E+00
     0.105659E+10    0.496581E+00
     0.104983E+10    0.496632E+00
     0.104306E+10    0.496683E+00
     0.103630E+10    0.496735E+00
     0.102953E+10    0.496786E+00
     0.102277E+10    0.496838E+00
     0.101600E+10    0.496889E+00
     0.100924E+10    0.496941E+00
     0.100247E+10    0.496992E+00
     0.995704E+09    0.497044E+00
     0.988939E+09    0.497095E+00
     0.982173E+09    0.497146E+00
     0.975572E+09    0.497196E+00
     0.969544E+09    0.497237E+00
     0.963517E+09    0.497279E+00
     0.957490E+09    0.497320E+00
     0.951463E+09    0.497362E+00
     0.945435E+09    0.497403E+00
     0.939408E+09    0.497445E+00
     0.933381E+09    0.497486E+00
     0.927354E+09    0.497528E+00
     0.921326E+09    0.497570E+00
     0.915299E+09    0.497611E+00
     0.909272E+09    0.497653E+00
     0.903244E+09    0.497694E+00
     0.897217E+09    0.497736E+00
     0.891190E+09    0.497777E+00
     0.885163E+09    0.497819E+00
     0.879294E+09    0.497858E+00
     0.873958E+09    0.497888E+00
     0.868622E+09    0.497919E+00
     0.863286E+09    0.497949E+00
     0.857950E+09    0.497980E+00
     0.852614E+09    0.498011E+00
     0.847278E+09    0.498041E+00
     0.841943E+09    0.498072E+00
     0.836607E+09    0.498102E+00
     0.831271E+09    0.498133E+00
     0.825935E+09    0.498163E+00
     0.820599E+09    0.498194E+00
     0.815263E+09    0.498225E+00
     0.809927E+09    0.498255E+00
     0.804592E+09    0.498286E+00
     0.799256E+09    0.498316E+00
     0.793920E+09    0.498347E+00
     0.788968E+09    0.498377E+00
     0.784114E+09    0.498406E+00
     0.779260E+09    0.498436E+00
     0.774406E+09    0.498466E+00
     0.769552E+09    0.498495E+00
     0.764698E+09    0.498525E+00
     0.759844E+09    0.498554E+00
     0.754990E+09    0.498584E+00
     0.750136E+09    0.498614E+00
     0.745282E+09    0.498643E+00
     0.740428E+09    0.498673E+00
     0.735574E+09    0.498702E+00
     0.730720E+09    0.498732E+00
     0.725866E+09    0.498762E+00
     0.721012E+09    0.498791E+00
     0.716158E+09    0.498821E+00
     0.711304E+09    0.498850E+00
     0.706964E+09    0.498874E+00
     0.702665E+09    0.498898E+00
     0.698366E+09    0.498921E+00
     0.694067E+09    0.498944E+00
     0.689768E+09    0.498968E+00
     0.685468E+09    0.498991E+00
     0.681169E+09    0.499014E+00
     0.676870E+09    0.499038E+00
     0.672571E+09    0.499061E+00
     0.668271E+09    0.499084E+00
     0.663972E+09    0.499108E+00
     0.659673E+09    0.499131E+00
     0.655374E+09    0.499155E+00
     0.651074E+09    0.499178E+00
     0.646775E+09    0.499201E+00
     0.642476E+09    0.499225E+00
     0.638177E+09    0.499248E+00
     0.634172E+09    0.499270E+00
     0.630370E+09    0.499290E+00
     0.626568E+09    0.499311E+00
     0.622765E+09    0.499331E+00
     0.618963E+09    0.499352E+00
     0.615160E+09    0.499372E+00
     0.611358E+09    0.499393E+00
     0.607556E+09    0.499413E+00
     0.603753E+09    0.499433E+00
     0.599951E+09    0.499454E+00
     0.596148E+09    0.499474E+00
     0.592346E+09    0.499495E+00
     0.588544E+09    0.499515E+00
     0.584741E+09    0.499536E+00
     0.580939E+09    0.499556E+00
     0.577136E+09    0.499577E+00
     0.573334E+09    0.499597E+00
     0.569532E+09    0.499618E+00
     0.566065E+09    0.499636E+00
     0.562687E+09    0.499655E+00
     0.559309E+09    0.499673E+00
     0.555931E+09    0.499692E+00
     0.552553E+09    0.499711E+00
     0.549175E+09    0.499729E+00
     0.545797E+09    0.499748E+00
     0.542419E+09    0.499766E+00
     0.539041E+09    0.499785E+00
     0.535664E+09    0.499803E+00
     0.532286E+09    0.499822E+00
     0.528908E+09    0.499840E+00
     0.525530E+09    0.499859E+00
     0.522152E+09    0.499877E+00
     0.518774E+09    0.499896E+00
     0.515396E+09    0.499914E+00
     0.512018E+09    0.499933E+00
     0.508640E+09    0.499951E+00
     0.505526E+09    0.499961E+00
     0.502669E+09    0.499963E+00
     0.499812E+09    0.499964E+00
     0.496956E+09    0.499966E+00
     0.494099E+09    0.499967E+00
     0.491242E+09    0.499969E+00
     0.488385E+09    0.499971E+00
     0.485528E+09    0.499972E+00
     0.482672E+09    0.499974E+00
     0.479815E+09    0.499975E+00
     0.476958E+09    0.499977E+00
     0.474101E+09    0.499978E+00
     0.471244E+09    0.499980E+00
     0.468388E+09    0.499982E+00
     0.465531E+09    0.499983E+00
     0.462674E+09    0.499985E+00
     0.459817E+09    0.499986E+00
     0.456960E+09    0.499988E+00
     0.454104E+09    0.499989E+00
     0.451397E+09    0.499990E+00
     0.448746E+09    0.499990E+00
     0.446095E+09    0.499990E+00
     0.443443E+09    0.499990E+00
     0.440792E+09    0.499990E+00
     0.438141E+09    0.499990E+00
     0.435490E+09    0.499990E+00
     0.432838E+09    0.499990E+00
     0.430187E+09    0.499990E+00
     0.427536E+09    0.499990E+00
     0.424885E+09    0.499990E+00
     0.422234E+09    0.499990E+00
     0.419582E+09    0.499990E+00
     0.416931E+09    0.499990E+00
     0.414280E+09    0.499990E+00
     0.411629E+09    0.499990E+00
     0.408978E+09    0.499990E+00
     0.406326E+09    0.499990E+00
     0.403675E+09    0.499990E+00
     0.401158E+09    0.499990E+00
     0.398817E+09    0.499990E+00
     0.396476E+09    0.499990E+00
     0.394136E+09    0.499990E+00
     0.391795E+09    0.499990E+00
     0.389454E+09    0.499990E+00
     0.387113E+09    0.499990E+00
     0.384772E+09    0.499990E+00
     0.382431E+09    0.499990E+00
     0.380091E+09    0.499990E+00
     0.377750E+09    0.499990E+00
     0.375409E+09    0.499990E+00
     0.373068E+09    0.499990E+00
     0.370727E+09    0.499990E+00
     0.368386E+09    0.499990E+00
     0.366046E+09    0.499990E+00
     0.363705E+09    0.499990E+00
     0.361364E+09    0.499990E+00
     0.359023E+09    0.499990E+00
     0.356682E+09    0.499990E+00
     0.354595E+09    0.499990E+00
     0.352663E+09    0.499990E+00
     0.350730E+09    0.499990E+00
     0.348797E+09    0.499990E+00
     0.346865E+09    0.499990E+00
     0.344932E+09    0.499990E+00
     0.342999E+09    0.499990E+00
     0.341067E+09    0.499990E+00
     0.339134E+09    0.499990E+00
     0.337202E+09    0.499990E+00
     0.335269E+09    0.499990E+00
     0.333336E+09    0.499990E+00
     0.331404E+09    0.499990E+00
     0.329471E+09    0.499990E+00
     0.327538E+09    0.499990E+00
     0.325606E+09    0.499990E+00
     0.323673E+09    0.499990E+00
     0.321740E+09    0.499990E+00
     0.319808E+09    0.499990E+00
     0.317875E+09    0.499990E+00
     0.315979E+09    0.499990E+00
     0.314178E+09    0.499990E+00
     0.312376E+09    0.499990E+00
     0.310574E+09    0.499990E+00
     0.308773E+09    0.499990E+00
     0.306971E+09    0.499990E+00
     0.305170E+09    0.499990E+00
     0.303368E+09    0.499990E+00
     0.301566E+09    0.499990E+00
     0.299765E+09    0.499990E+00
     0.297963E+09    0.499990E+00
     0.296162E+09    0.499990E+00
     0.294360E+09    0.499990E+00
     0.292558E+09    0.499990E+00
     0.290757E+09    0.499990E+00
     0.288955E+09    0.499990E+00
     0.287154E+09    0.499990E+00
     0.285352E+09    0.499990E+00
     0.283550E+09    0.499990E+00
     0.281749E+09    0.499990E+00
     0.279947E+09    0.499990E+00
     0.278227E+09    0.499990E+00
     0.276647E+09    0.499990E+00
     0.275068E+09    0.499990E+00
     0.273488E+09    0.499990E+00
     0.271909E+09    0.499990E+00
     0.270329E+09    0.499990E+00
     0.268750E+09    0.499990E+00
     0.267170E+09    0.499990E+00
     0.265591E+09    0.499990E+00
     0.264012E+09    0.499990E+00
     0.262432E+09    0.499990E+00
     0.260853E+09    0.499990E+00
     0.259273E+09    0.499990E+00
     0.257694E+09    0.499990E+00
     0.256114E+09    0.499990E+00
     0.254535E+09    0.499990E+00
     0.252955E+09    0.499990E+00
     0.251376E+09    0.499990E+00
     0.249796E+09    0.499990E+00
     0.248217E+09    0.499990E+00
     0.246638E+09    0.499990E+00
     0.245058E+09    0.499990E+00
     0.243725E+09    0.499990E+00
     0.242419E+09    0.499990E+00
     0.241114E+09    0.499990E+00
     0.239808E+09    0.499990E+00
     0.238502E+09    0.499990E+00
     0.237196E+09    0.499990E+00
     0.235891E+09    0.499990E+00
     0.234585E+09    0.499990E+00
     0.233279E+09    0.499990E+00
     0.231974E+09    0.499990E+00
     0.230668E+09    0.499990E+00
     0.229362E+09    0.499990E+00
     0.228056E+09    0.499990E+00
     0.226751E+09    0.499990E+00
     0.225445E+09    0.499990E+00
     0.224139E+09    0.499990E+00
     0.222834E+09    0.499990E+00
     0.221528E+09    0.499990E+00
     0.220222E+09    0.499990E+00
     0.218916E+09    0.499990E+00
     0.217611E+09    0.499990E+00
     0.216305E+09    0.499990E+00
     0.215141E+09    0.499990E+00
     0.214002E+09    0.499990E+00
     0.212863E+09    0.499990E+00
     0.211724E+09    0.499990E+00
     0.210584E+09    0.499990E+00
     0.209445E+09    0.499990E+00
     0.208306E+09    0.499990E+00
     0.207166E+09    0.499990E+00
     0.206027E+09    0.499990E+00
     0.204888E+09    0.499990E+00
     0.203749E+09    0.499990E+00
     0.202609E+09    0.499990E+00
     0.201470E+09    0.499990E+00
     0.200331E+09    0.499990E+00
     0.199192E+09    0.499990E+00
     0.198052E+09    0.499990E+00
     0.196913E+09    0.499990E+00
     0.195774E+09    0.499990E+00
     0.194635E+09    0.499990E+00
     0.193495E+09    0.499990E+00
     0.192356E+09    0.499990E+00
     0.191217E+09    0.499990E+00
     0.190092E+09    0.499990E+00
     0.189032E+09    0.499990E+00
     0.187972E+09    0.499990E+00
     0.186912E+09    0.499990E+00
     0.185852E+09    0.499990E+00
     0.184792E+09    0.499990E+00
     0.183732E+09    0.499990E+00
     0.182672E+09    0.499990E+00
     0.181612E+09    0.499990E+00
     0.180552E+09    0.499990E+00
     0.179492E+09    0.499990E+00
     0.178432E+09    0.499990E+00
     0.177372E+09    0.499990E+00
     0.176311E+09    0.499990E+00
     0.175251E+09    0.499990E+00
     0.174191E+09    0.499990E+00
     0.173131E+09    0.499990E+00
     0.172071E+09    0.499990E+00
     0.171011E+09    0.499990E+00
     0.169951E+09    0.499990E+00
     0.168891E+09    0.499990E+00
     0.167831E+09    0.499990E+00
     0.166771E+09    0.499990E+00
     0.165711E+09    0.499990E+00
     0.164817E+09    0.499990E+00
     0.163935E+09    0.499990E+00
     0.163052E+09    0.499990E+00
     0.162170E+09    0.499990E+00
     0.161288E+09    0.499990E+00
     0.160406E+09    0.499990E+00
     0.159523E+09    0.499990E+00
     0.158641E+09    0.499990E+00
     0.157759E+09    0.499990E+00
     0.156876E+09    0.499990E+00
     0.155994E+09    0.499990E+00
     0.155112E+09    0.499990E+00
     0.154230E+09    0.499990E+00
     0.153347E+09    0.499990E+00
     0.152465E+09    0.499990E+00
     0.151583E+09    0.499990E+00
     0.150700E+09    0.499990E+00
     0.149818E+09    0.499990E+00
     0.148936E+09    0.499990E+00
     0.148054E+09    0.499990E+00
     0.147171E+09    0.499990E+00
     0.146289E+09    0.499990E+00
     0.145407E+09    0.499990E+00
     0.144524E+09    0.499990E+00
     0.143790E+09    0.499990E+00
     0.143050E+09    0.499990E+00
     0.142309E+09    0.499990E+00
     0.141569E+09    0.499990E+00
     0.140829E+09    0.499990E+00
     0.140088E+09    0.499990E+00
     0.139348E+09    0.499990E+00
     0.138608E+09    0.499990E+00
     0.137868E+09    0.499990E+00
     0.137127E+09    0.499990E+00
     0.136387E+09    0.499990E+00
     0.135647E+09    0.499990E+00
     0.134906E+09    0.499990E+00
     0.134166E+09    0.499990E+00
     0.133426E+09    0.499990E+00
     0.132686E+09    0.499990E+00
     0.131945E+09    0.499990E+00
     0.131205E+09    0.499990E+00
     0.130465E+09    0.499990E+00
     0.129724E+09    0.499990E+00
     0.128984E+09    0.499990E+00
     0.128244E+09    0.499990E+00
     0.127504E+09    0.499990E+00
     0.126763E+09    0.499990E+00
     0.126076E+09    0.499990E+00
     0.125440E+09    0.499990E+00
     0.124805E+09    0.499990E+00
     0.124170E+09    0.499990E+00
     0.123534E+09    0.499990E+00
     0.122899E+09    0.499990E+00
     0.122264E+09    0.499990E+00
     0.121628E+09    0.499990E+00
     0.120993E+09    0.499990E+00
     0.120357E+09    0.499990E+00
     0.119722E+09    0.499990E+00
     0.119087E+09    0.499990E+00
     0.118451E+09    0.499990E+00
     0.117816E+09    0.499990E+00
     0.117180E+09    0.499990E+00
     0.116545E+09    0.499990E+00
     0.115910E+09    0.499990E+00
     0.115274E+09    0.499990E+00
     0.114639E+09    0.499990E+00
     0.114004E+09    0.499990E+00
     0.113368E+09    0.499990E+00
     0.112733E+09    0.499990E+00
     0.112097E+09    0.499990E+00
     0.111462E+09    0.499990E+00
     0.110827E+09    0.499990E+00
     0.110205E+09    0.499990E+00
     0.109618E+09    0.499990E+00
     0.109030E+09    0.499990E+00
     0.108444E+09    0.499990E+00
     0.107856E+09    0.499990E+00
     0.107269E+09    0.499990E+00
     0.106682E+09    0.499990E+00
     0.106095E+09    0.499990E+00
     0.105508E+09    0.499990E+00
     0.104921E+09    0.499990E+00
     0.104334E+09    0.499990E+00
     0.103747E+09    0.499990E+00
     0.103160E+09    0.499990E+00
     0.102573E+09    0.499990E+00
     0.101986E+09    0.499990E+00
     0.101399E+09    0.499990E+00
     0.100812E+09    0.499990E+00
     0.100225E+09    0.499990E+00
     0.996378E+08    0.499990E+00
     0.990507E+08    0.499990E+00
     0.984637E+08    0.499990E+00
     0.978766E+08    0.499990E+00
     0.972896E+08    0.499990E+00
     0.967025E+08    0.499990E+00
     0.961155E+08    0.499990E+00
     0.955284E+08    0.499990E+00
     0.949827E+08    0.499990E+00
     0.944998E+08    0.499990E+00
     0.940168E+08    0.499990E+00
     0.935339E+08    0.499990E+00
     0.930510E+08    0.499990E+00
     0.925680E+08    0.499990E+00
     0.920851E+08    0.499990E+00
     0.916021E+08    0.499990E+00
     0.911192E+08    0.499990E+00
     0.906363E+08    0.499990E+00
     0.901533E+08    0.499990E+00
     0.896704E+08    0.499990E+00
     0.891874E+08    0.499990E+00
     0.887045E+08    0.499990E+00
     0.882216E+08    0.499990E+00
     0.877386E+08    0.499990E+00
     0.872557E+08    0.499990E+00
     0.867727E+08    0.499990E+00
     0.862898E+08    0.499990E+00